-822 32 651 -299 -903 -310 -926 -857 126 | -421 280 542 567 -610 -214 339 82 -730 | 854 -167 -442 149 -197 552 654 878 734 | -755 -26 -209 -138 148 956 -371 -463 -253
-856 51 661 491 292 -695 -204 -454 -596 510 -856 -972 30 | -330 327 90 -606 936 -661 879 903 -485 663 276 861 -812 | -35 183 -820 71 -806 355 -92 809 33 115 97 -394 -328 | -779 680 47 471 -280 -89 -471 463 -51 -369 476 456 776 | 310 -509 343 -303 -765 -942 -839 636 -834 195 -361 561 549
334 -107 819 797 -347 | 993 665 -843 662 -223 | -328 -686 -590 118 -592 | -888 179 648 -761 781
810 683 -542 -540 -464 -206 | 99 970 -746 -700 -521 -584 | 1000 -366 -930 248 608 219
758 622 -269 703 213 -559 207 | 525 -609 -333 855 -842 526 -133 | -532 -210 -936 486 -380 -537 -858 | -8 843 708 -755 -615 308 -285 | 18 168 325 946 154 223 -388 | -581 -591 370 265 837 146 899
-839 976 -202 -397 -982 -110 539 | 155 -649 73 -161 953 -957 -521 | -151 -956 -599 473 662 147 991
-16 -965 -737 -712 998 689 219 937 -397 -944 172 993 -983 -286 -176 -519 734 -245 -333 686 | 530 156 231 754 -632 314 -90 691 621 -384 525 -191 -199 699 500 957 92 983 61 517 | 35 663 -454 -837 -359 -220 -818 88 329 259 453 -80 716 -306 473 905 -432 -312 825 -185 | -387 -32 -833 990 762 846 -756 744 511 128 477 861 -460 91 806 -930 217 364 -195 -381 | -449 570 219 665 -866 -206 646 865 986 -164 437 -552 -538 452 257 -80 906 -2 109 -680 | -763 351 46 -993 544 254 -92 -545 470 280 452 -948 163 -797 928 417 -829 227 -17 783 | -974 -344 811 -232 737 -477 770 -859 -609 510 919 -199 -682 627 -844 397 282 457 -581 212 | -866 -494 -672 -265 -678 -392 719 -321 -888 358 328 514 -762 803 107 758 -413 -630 -460 128
-206 790 918 758 716 | 687 -3 -333 -165 335 | -699 1 122 470 285 | 722 -305 440 370 576
-961 249 -800 832 -786 644 -59 | -985 -683 151 72 -451 -218 414 | -363 904 58 -127 -865 626 -766 | -204 -6 -771 757 150 -643 332
1 2 3 4 | 5 6 7 8 | 9 10 11 12
-187 -836 -217 -391 923 906 -60 -71 905 652 -2 | -164 834 -635 -811 -687 424 -312 -721 500 -926 954
138 616 -414 682 -847 -881 912 -27 -350 -781 39 667 -324 70 536 417 -53 | 602 87 933 -497 718 217 -636 875 -483 -688 250 742 -449 -303 -874 -932 -984 | -428 -904 -400 890 344 -442 -300 -46 -524 -491 -820 511 813 -634 -611 -206 -250 | -30 -275 -28 399 -75 -161 -334 10 19 654 -85 233 436 356 707 443 -740 | -843 946 46 601 -923 -736 -568 13 837 399 -55 681 -330 655 -100 -537 751
-440 651 -566 -588 -725 -346 -771 673 904 -655 -259 -891 728 | -220 -444 -298 591 60 -826 203 334 906 260 828 -900 981 | -584 -911 224 610 -719 210 -216 -23 -159 895 -559 373 -196 | 32 -543 -37 26 -253 295 -420 -315 981 -326 816 71 10 | 362 462 924 426 469 442 707 238 990 -86 -868 312 -826 | -169 -46 869 941 -296 290 -858 -862 -451 -930 -193 144 -889 | 147 596 -802 -812 -840 435 66 137 -994 676 -206 -545 -365 | -860 -117 -415 -413 838 -1000 881 -384 -329 86 -248 391 663 | 951 138 582 -211 -899 -38 108 -490 -463 693 -713 -356 -482 | 57 -629 -806 652 -243 -788 559 -264 323 742 975 329 -958
910 5 -611 -92 93 -768 334 -285 -127 638 880 768 608 -822 | -670 487 -38 913 304 -458 843 -566 -263 219 101 -136 -271 -129 | -830 -683 743 -763 -424 664 -814 951 -161 342 -398 -424 396 994 | -831 822 88 838 -765 252 -954 -470 963 -22 875 -537 -155 789
558 -604 -314 -446 -502 -909 | -695 693 -401 665 978 -397 | -188 608 -292 -987 -196 -774 | 494 -564 955 -522 119 -494 | 457 -661 -985 -966 20 -385 | -338 523 -599 24 -156 -199 | -575 169 586 -343 431 892 | 981 37 -200 875 473 -988 | 412 356 -960 -862 -449 -578
692 -834 211 632 891 -939 147 -412 | -267 -835 -256 256 -830 -12 221 516 | -693 -669 398 91 29 150 -424 7 | -976 15 987 -332 821 -447 -296 532 | -839 -987 -930 -536 502 -654 -987 869 | -575 125 406 -628 723 -230 -402 620 | -68 15 -113 585 843 -342 237 999 | -457 864 164 584 -768 -764 -562 -662 | 906 413 -343 944 -216 -595 612 293 | -210 174 423 931 -745 792 -233 153
713 313 267 275 | 572 722 289 565 | 507 -759 515 -327
686 -547 434 -983 -499 376 284 -34 308 -935 -648 49 -907 -267 | 233 928 0 -697 -755 802 371 674 -290 -915 -68 339 92 641 | -918 -456 503 768 -972 -116 -587 390 517 -715 -851 275 14 -442 | 580 -725 -553 -325 -331 -104 -101 626 210 -871 -364 367 -808 -3 | -294 -395 419 184 801 -910 -28 963 -915 -254 -516 -102 431 949
-895 193 -276 279 943 724 -519 | 391 529 324 -897 530 786 291 | -574 -285 -835 -764 0 -363 -692 | -424 -669 615 266 638 -823 647 | -546 -764 -183 804 253 170 -16 | -557 205 567 -226 770 -320 57
621 280 -715 -905 -954 | -611 -595 -824 411 736 | -720 -110 -413 983 -9 | 444 -388 -13 185 383 | 817 -996 -327 309 -546 | -105 903 -73 552 -936 | 853 -123 563 -826 260 | 586 -822 -940 282 -443 | -911 -400 -151 -629 439
603 69 541 -423 | -570 220 -292 298 | 332 -250 624 461 | -970 -379 -74 666 | 162 -854 200 9 | 376 455 -671 396 | 995 -52 -853 -129 | -756 996 555 435 | 341 493 -242 -123
-824 795 184 -944 -430 -240 -88 5 827 230 962 -983 -505 865 -987 314 414 -38 409 939 | -810 757 -720 -185 -906 -7 142 -830 -327 924 -965 -169 -516 418 698 675 781 -357 379 -575 | 214 -14 801 68 550 -451 -18 -796 625 -776 -967 -470 -564 -353 75 381 -313 -664 -406 -429 | -394 125 448 -472 -287 -34 -517 -73 9 602 -569 -147 -278 -58 -648 -918 -645 -840 -955 354
-712 803 -606 275 366 653 598 -963 975 573 -491 -299 | 949 921 538 -541 32 -197 641 81 -991 159 -470 131
-515 851 -269 206 -623 594 -789 170 200 160 833 -769 585 -710 -401 388 756 -510 -58 909 | 649 674 956 705 323 801 -752 -258 114 705 651 930 -980 230 772 649 764 834 978 -645 | -235 373 276 -984 610 461 -769 904 -508 995 -852 980 -661 -3 -137 -730 -20 757 74 -314 | 240 845 461 753 -841 468 75 -933 -781 634 -371 399 -285 691 324 -866 249 788 638 651 | -574 269 -907 -77 130 102 847 777 897 -549 669 350 -196 -265 -430 424 933 719 476 16 | -1000 531 -535 -764 712 719 879 116 409 -3 -616 940 222 871 120 -127 -627 -231 87 990 | 242 -35 770 -940 -281 -588 -233 -842 -207 -281 574 642 -584 760 263 171 -569 -372 -44 -387 | -270 526 -690 -74 -710 -667 891 -993 -329 -923 -112 15 -26 28 -209 -155 -713 82 -284 204 | 285 263 -21 305 -607 100 -71 -680 -289 -763 306 -351 -228 -892 268 -383 923 589 710 -69
-204 -117 27 -849 652 813 560 -202 748 -573 -620 530 -136 -453 -424 -845 158 -4 912 | -361 361 255 -679 651 245 12 288 892 -895 -532 -842 -4 -850 -54 -331 54 508 -872
-481 -14 79 -650 -475 572 -890 -847 293 -331 451 | -162 683 338 479 -365 -297 -422 -376 -376 -943 -656 | 82 -362 -132 -169 533 49 -606 -921 983 -723 -766 | -104 -623 -632 555 -655 -241 -135 -681 875 -126 -920 | -802 496 981 -414 99 32 508 463 271 93 198 | 463 -129 -837 210 319 519 -791 -452 -672 -140 633 | -501 136 -266 476 -828 -691 -739 -339 883 -830 -3 | -125 -192 -721 -29 -33 -49 322 350 444 171 873 | -898 417 -379 421 9 -934 -140 -92 829 292 -524 | -777 222 287 -479 520 719 5 -10 351 -624 -22
-974 -553 -644 941 -473 196 -828 -548 -245 292 -346 -407 88 774 -517 -902 | 204 -314 -875 695 384 -323 414 451 -337 939 431 -941 -62 -291 761 -24 | -800 -718 435 -651 254 591 15 -200 -743 796 -367 -610 263 836 941 430 | -188 -123 -999 297 650 -374 -706 106 774 249 22 -36 16 -507 378 239 | 476 149 324 688 472 679 -939 -275 885 -297 -351 34 592 -429 270 322
1 2 3 4 | 5 6 7 8 | 9 10 11 12 | 100 200 300 400
783 -132 -853 292 911 | -984 -175 593 -12 -597
417 -677 341 521 -150 426 -691 -602 910 663 -101 951 -23 -348 -819 -176 402 -705 | -69 32 -704 349 624 -364 -74 767 -145 540 630 -594 486 -946 -862 466 -178 -307 | 872 372 999 544 764 -276 272 -878 -328 -38 -232 -775 -979 -188 -472 454 500 907 | -425 -703 -151 -19 215 958 -638 504 889 127 174 670 157 -933 -64 -473 -608 -871 | -920 -410 694 -804 737 -941 -127 -967 547 -496 877 299 -754 190 877 -741 -309 814
-872 215 744 145 822 -810 | 710 0 -162 -514 -851 730
-796 -737 -539 582 -74 922 -273 -869 832 -756 -65 | -156 -678 586 -268 -683 -726 916 59 822 964 -368 | 768 -887 106 559 -994 87 -150 572 657 105 462 | -902 660 488 -895 -926 519 -406 891 -154 -601 650 | -593 -64 -571 590 -364 -295 -319 15 -723 870 -394 | -760 582 -770 744 -471 164 -389 -814 973 118 351 | 495 303 -138 415 -257 -534 -159 -464 -692 -53 -216 | 738 -298 -927 -758 736 264 -532 -632 -569 -863 -448 | -572 319 -664 885 -507 -604 -886 685 -362 -910 -144
-159 -234 878 874 -644 273 | 444 -952 964 -541 -624 923 | 931 -862 -890 -812 966 391 | -207 913 -617 749 -320 548 | -89 324 -158 -710 -280 -769
-271 887 730 -708 237 844 248 -532 872 -395 983 538 -177 | 656 -860 471 -637 -869 483 -331 -714 542 808 -120 -742 -369 | -511 -657 519 -493 -132 -763 -544 -514 823 658 -816 974 -431 | -989 595 289 348 -859 -769 -3 572 -114 331 -41 -867 785 | -773 -537 -404 -652 601 -3 429 279 -191 401 90 -564 936
220 659 446 304 212 367 713 819 124 402 -303 296 -303 -346 -315 173 -920 | 250 293 -19 325 -90 331 860 593 472 54 210 18 -377 -155 272 -187 -534 | 972 -359 -603 -966 -278 -711 748 94 934 -922 296 -920 -331 930 -888 -836 -649 | 216 -844 534 658 575 107 974 -48 -347 620 -496 912 -427 -957 149 972 -971 | -897 -11 585 717 -74 418 -774 133 397 -455 -992 223 380 -713 -202 242 -644
612 -625 -523 844 914 -972 -269 | 83 -926 -783 851 56 927 -987 | 317 -193 496 -773 -690 -403 270 | 133 -233 508 -882 -680 501 -399 | -155 503 67 -724 357 -930 -935 | -355 757 13 -495 -851 -480 -388 | -136 -394 592 -651 986 -594 725 | 742 371 -182 163 841 414 -521 | 437 768 690 -1 467 267 665 | -411 979 -452 52 -192 594 -458
-724 -334 106 26 -115 936 | -117 -74 -460 522 606 -961 | 612 -25 -204 -713 463 759
451 -371 892 -48 -271 -228 -591 -501 -836 -319 -250 367 768 -35 | -924 718 509 -890 -561 514 -834 -843 362 747 -61 -909 243 383 | -924 497 188 579 43 -818 321 -827 -803 -54 -370 91 366 452 | 744 891 381 532 -849 -280 117 886 -60 -178 897 -417 590 -477 | -357 -454 -939 -53 311 -337 418 -851 -921 -712 823 999 524 179 | -788 425 578 155 416 -340 -791 256 -249 649 -114 -245 434 327 | 86 -818 635 -762 784 -929 -48 -951 -468 -707 793 353 -102 629 | 995 661 224 -84 -119 888 -842 -421 355 -187 -186 -548 999 -240 | -648 676 927 960 833 951 204 -415 -936 285 220 95 -494 -192
-827 -485 823 -360 -350 828 | -774 859 622 -24 -176 -383 | 532 -498 -456 818 325 -155 | -385 705 -664 383 -866 232 | 181 -46 -63 944 -695 -159 | -741 -20 644 -525 874 -349
-739 531 -616 688 -984 -12 -860 947 -779 -991 -369 71 331 54 -155 270 174 | 286 -761 974 666 -264 -910 570 799 804 662 939 804 651 354 21 -223 859 | -217 436 -726 965 453 -515 -496 -941 -526 156 -282 -963 594 766 797 257 -577 | 533 256 -928 -825 -935 -817 604 -122 -576 -886 130 -936 -125 -746 -40 517 794 | -475 898 -943 -620 -161 -90 846 -305 -951 -621 589 460 452 442 -164 -825 361 | 377 672 537 855 -570 -360 -288 -975 31 340 627 -958 -244 354 -73 553 -836 | -701 -28 94 -715 13 -26 435 -304 -369 2 -720 323 708 8 928 555 65 | 974 -132 561 774 -263 206 -802 -804 286 725 176 640 301 -294 131 864 448